SPL0
S
     83.58      0.00    326.89
     83.58      2.68    326.89
     83.82     39.22    326.90
     84.30     62.93    326.92
     85.09     88.14    326.92
     85.09     88.82    326.92
     85.82    104.57    326.91
     85.84    105.25    326.91
     86.64    118.40    326.91
     86.67    119.31    326.91
     88.94    145.06    326.92
     89.00    145.95    326.91
     91.52    164.73    326.93
     91.53    164.85    326.93
     91.66    166.03    326.93
     93.64    176.90    326.93
     97.26    194.26    326.87
     97.49    195.08    326.87
     97.56    195.53    326.87
    100.85    208.63    326.72
    105.49    225.82    326.23
    105.88    226.80    326.20
    105.92    226.99    326.19
    109.93    240.53    325.26
    110.14    240.93    325.23
    114.61    258.06    322.18
    114.40    258.66    321.95
    114.20    258.78    321.88
    104.94    260.74    319.67
     87.87    262.43    316.17
     61.08    265.09    310.51
     49.32    266.05    308.13
     30.10    267.80    304.18
     10.11    269.46    300.23
    -35.45    271.99    292.24
    -76.75    271.89    286.47
   -111.17    269.54    282.61
   -140.65    264.94    280.22
   -159.78    260.34    279.11
   -160.14    260.23    279.10
   -190.41    249.40    278.05
   -190.79    249.24    278.04
   -207.74    240.99    277.55
   -208.55    240.51    277.55
   -208.65    240.45    277.55
   -220.63    233.33    277.11
   -220.71    233.28    277.10
   -241.01    218.58    275.50
   -252.36    207.02    274.46
   -263.80    191.61    273.22
   -270.39    179.56    272.52
   -277.71    161.81    271.75
   -281.71    148.90    271.33
   -286.53    127.25    270.83
   -290.72     95.25    270.44
   -292.29     73.86    270.40
   -292.35     72.71    270.40
   -293.39     45.79    270.44
   -293.57     38.05    270.41
   -293.84     11.70    270.17
   -293.86      0.00    270.10
E
SPL1
S
   -297.10      0.00    268.71
   -297.09     11.54    268.77
   -296.83     37.62    268.94
   -296.65     45.31    268.96
   -295.63     72.43    268.86
   -293.84     96.86    268.87
   -290.22    125.27    269.14
   -285.71    147.31    269.50
   -285.44    148.20    269.54
   -280.66    163.81    270.01
   -272.98    182.22    270.74
   -265.80    195.26    271.36
   -255.66    208.94    272.31
   -241.92    223.00    273.32
   -236.96    226.86    273.75
   -221.79    237.41    274.56
   -221.26    237.73    274.58
   -211.51    243.09    275.09
   -211.11    243.29    275.11
   -191.79    251.92    276.10
   -160.74    262.97    277.12
   -160.50    263.04    277.12
   -159.95    263.18    277.15
   -139.85    268.06    278.22
   -112.76    272.44    280.29
    -79.48    274.78    284.02
    -35.09    275.06    290.13
    -34.25    275.04    290.25
     12.50    272.45    298.56
     54.74    268.90    307.26
     84.45    266.22    313.68
     85.02    266.17    313.81
    107.80    264.20    318.63
    121.26    261.58    321.98
    121.25    261.42    322.04
    121.48    260.78    322.32
    116.97    245.49    325.42
    111.00    228.06    326.65
    105.29    209.01    327.12
    105.01    208.19    327.13
    102.00    196.75    327.22
    101.73    195.83    327.22
    101.67    195.49    327.22
     97.57    177.33    327.25
     95.32    165.16    327.23
     92.56    145.48    327.19
     90.10    118.80    327.17
     89.24    105.48    327.16
     89.23    104.94    327.16
     88.63     92.91    327.16
     88.55     91.39    327.16
     87.64     63.20    327.16
     87.13     38.88    327.14
     86.90      2.16    327.13
     86.90      0.00    327.13
E
SPL0
S
    367.71      0.00    465.92
    367.72      1.56    465.92
    367.73      4.29    465.92
    367.75      7.39    465.92
    367.76      8.96    465.92
    367.76      9.70    465.92
    367.81     14.78    465.92
    367.81     15.13    465.92
    367.82     16.36    465.92
    367.87     20.55    465.92
    367.90     22.16    465.92
    367.92     23.75    465.92
    367.96     25.96    465.92
    368.04     29.55    465.92
    368.07     31.14    465.92
    368.08     31.38    465.92
    368.24     36.81    465.92
    368.24     36.94    465.92
    368.29     38.50    465.92
    368.44     42.24    465.92
    368.53     44.32    465.92
    368.60     45.85    465.92
    368.77     49.15    465.92
    368.90     51.70    465.92
    368.99     53.17    465.92
    369.18     56.09    465.92
    369.39     59.07    465.91
    369.50     60.45    465.92
    369.71     63.05    465.92
    370.00     66.44    465.91
    370.11     67.70    465.91
    370.34     70.06    465.91
    370.72     73.80    465.91
    370.84     74.91    465.91
    371.10     77.12    465.91
    371.57     81.16    465.91
    371.69     82.07    465.91
    371.97     84.24    465.91
    372.54     88.50    465.90
    372.64     89.19    465.90
    372.97     91.44    465.90
    373.62     95.83    465.90
    373.69     96.25    465.90
    374.10     98.72    465.90
    374.82    103.14    465.89
    374.84    103.25    465.89
    375.26    105.55    465.89
    375.70    107.89    465.89
    376.12    110.19    465.89
    376.16    110.43    465.89
    377.49    117.06    465.88
    377.52    117.20    465.88
    377.62    117.70    465.88
    378.90    123.90    465.85
    379.13    124.96    465.85
    379.52    126.63    465.84
    380.40    130.69    465.80
    380.75    132.20    465.78
    381.76    136.18    465.75
    382.04    137.41    465.72
    382.55    139.41    465.69
    383.84    144.08    465.62
    384.37    145.85    465.59
    384.58    146.61    465.57
    385.82    150.67    465.47
    386.85    153.79    465.38
    387.53    155.61    465.34
    388.06    157.17    465.29
    389.43    160.95    465.15
    390.53    163.60    465.06
    391.34    165.46    465.00
    392.40    168.09    464.86
    393.25    169.94    464.78
    395.81    175.21    464.52
    395.92    175.40    464.51
    396.31    176.17    464.47
    398.79    180.74    464.20
    399.57    182.30    464.08
    399.59    182.33    464.08
    399.70    182.50    464.07
    401.98    186.05    463.85
    403.27    188.27    463.65
    403.88    189.29    463.55
    405.35    191.30    463.40
    407.14    194.09    463.08
    408.52    196.14    462.82
    408.76    196.43    462.80
    411.16    199.79    462.33
    412.40    201.43    462.07
    413.19    202.82    461.78
    415.26    205.36    461.32
    416.03    206.26    461.15
    417.90    209.25    460.36
    419.40    210.84    460.00
    422.35    215.11    458.59
    422.46    215.39    458.47
    423.26    216.37    458.12
    423.67    216.83    457.96
    424.59    218.46    457.24
    424.72    219.98    456.37
    423.86    221.37    455.34
    423.60    221.52    455.20
    421.51    223.27    453.63
    417.01    224.90    451.60
    416.92    224.93    451.55
    410.82    226.40    449.23
    410.08    226.53    448.98
    405.35    227.36    447.36
    403.50    227.70    446.69
    396.81    228.69    444.45
    395.53    228.88    444.01
    393.32    229.16    443.29
    387.35    229.96    441.27
    384.43    230.32    440.29
    381.11    230.71    439.16
    379.19    230.96    438.49
    372.38    231.80    436.09
    371.44    231.91    435.76
    368.87    232.23    434.83
    358.43    233.62    430.87
    351.91    234.55    428.27
    346.72    235.27    426.16
    344.25    235.63    425.14
    336.70    236.82    421.85
    327.87    238.27    417.84
    327.51    238.33    417.67
    320.27    239.52    414.28
    319.02    239.74    413.67
    311.37    241.14    409.86
    303.88    242.54    406.00
    296.93    243.81    402.36
    296.54    243.88    402.15
    286.83    245.80    396.79
    280.66    247.04    393.28
    277.00    247.75    391.20
    274.05    248.32    389.50
    267.53    249.70    385.58
    258.25    251.73    379.81
    258.14    251.75    379.75
    251.74    253.11    375.72
    248.89    253.77    373.85
    239.99    255.90    367.82
    236.35    256.80    365.27
    231.05    258.06    361.60
    230.27    258.25    361.05
    222.63    260.30    355.35
    220.37    260.92    353.63
    218.10    261.53    351.90
    215.80    262.11    350.20
    215.03    262.28    349.66
    213.41    262.60    348.57
    208.34    263.30    345.54
    202.96    263.50    343.01
    200.72    263.25    342.35
    198.01    262.83    341.67
    193.96    262.45    340.27
    189.72    261.46    339.40
    174.80    256.22    336.98
    173.82    255.84    336.80
    170.47    254.27    336.34
    165.16    251.34    335.76
    163.63    250.53    335.53
    161.70    249.37    335.30
    156.33    245.66    334.81
    154.17    244.17    334.53
    153.54    243.70    334.46
    148.34    239.25    334.07
    146.09    237.31    333.81
    145.75    236.99    333.78
    141.21    232.21    333.49
    129.77    216.51    332.74
    128.65    214.56    332.66
    121.77    199.17    332.31
    117.60    185.79    332.09
    114.07    169.28    331.92
    113.93    168.47    331.91
    111.40    150.12    331.84
    109.03    123.51    331.82
    108.90    121.51    331.83
    107.45     90.56    331.82
    106.86     67.58    331.82
    106.84     66.63    331.81
    106.81     64.59    331.82
    106.52     44.56    331.82
    106.48     40.40    331.81
    106.45     38.09    331.81
    106.36     23.62    331.81
    106.34     19.46    331.81
    106.34     19.04    331.81
    106.32      9.52    331.81
    106.32      8.85    331.81
    106.32      7.45    331.81
    106.32      6.62    331.81
    106.32      4.43    331.81
    106.32      0.06    331.81
    106.32      0.00    331.81
E
SPL0
S
   -142.93    279.80     47.62
   -177.03    272.71     47.62
   -214.84    259.68     47.62
   -257.82    237.14     47.62
   -292.24    204.84     47.62
   -311.88    177.64     47.62
   -323.74    146.49     47.62
   -329.06    113.36     47.62
   -331.15     92.48     47.62
   -333.97     62.72     47.62
   -334.05     28.62     47.62
   -334.05      0.00     47.62
E
SPL1
S
   -149.82    287.68     67.88
   -185.27    280.38     67.84
   -226.55    266.27     67.77
   -269.60    243.34     67.69
   -303.52    211.56     67.64
   -324.24    181.22     67.62
   -337.04    152.28     67.62
   -343.78    118.26     67.64
   -347.01     94.05     67.66
   -350.88     63.57     67.69
   -352.03     28.74     67.70
   -352.03      0.00     67.70
E
SPL2
S
   -154.73    293.57     89.18
   -196.34    285.11     89.16
   -240.42    269.36     89.10
   -281.74    244.37     89.04
   -314.42    217.95     89.00
   -334.40    186.78     89.03
   -347.94    158.09     89.09
   -356.09    126.80     89.17
   -360.78     95.81     89.27
   -365.67     65.24     89.37
   -368.00     29.03     89.53
   -368.00      0.00     89.53
E
SPL3
S
   -155.51    298.58    111.02
   -206.67    288.57    111.13
   -254.72    270.29    111.22
   -295.35    244.09    111.34
   -322.81    220.96    111.46
   -342.10    191.90    111.66
   -356.40    163.17    111.87
   -365.80    130.66    112.14
   -371.52     97.52    112.46
   -377.12     66.72    112.75
   -380.37     29.38    113.27
   -380.37      0.00    113.27
E
SPL4
S
   -159.71    299.73    136.22
   -196.35    292.18    136.23
   -223.97    283.80    136.23
   -252.14    272.43    136.24
   -273.32    261.53    136.24
   -294.49    247.94    136.25
   -319.20    226.84    136.25
   -342.89    196.02    136.24
   -358.59    162.51    136.22
   -368.96    125.08    136.24
   -375.08     90.25    136.25
   -380.67     45.84    136.22
   -382.83      0.00    136.23
E
SPL5
S
   -150.88    297.88    151.79
   -173.31    293.71    151.79
   -205.08    285.37    151.79
   -243.99    270.15    151.79
   -284.51    248.07    151.79
   -310.59    225.07    151.79
   -326.05    205.33    151.79
   -338.32    184.86    151.79
   -348.42    158.23    151.79
   -354.55    120.27    151.79
   -360.24     61.02    151.79
   -360.25      0.00    151.79
E
SPL6
S
    -57.38    306.30    245.11
    -89.42    304.45    243.88
   -122.94    300.81    242.60
   -155.38    295.22    241.36
   -189.55    285.85    240.05
   -218.16    274.45    238.95
   -242.05    261.65    238.04
   -262.48    247.83    237.26
   -282.99    229.27    236.47
   -302.73    203.83    235.72
   -317.78    173.92    235.14
   -328.29    139.69    234.74
   -333.79    108.73    234.53
   -336.59     78.65    234.42
   -338.52     45.98    234.35
   -338.25     20.20    234.36
   -338.25      0.00    234.36
E
SPL0
S
    856.87    301.59    151.79
    855.10    301.23    146.72
    853.71    300.82    141.50
    852.67    300.36    136.22
    856.87    301.59    151.79
    856.52    301.52    150.77
    856.18    301.44    149.75
    855.85    301.37    148.73
    855.54    301.29    147.70
    855.23    301.21    146.67
    854.93    301.13    145.64
    854.64    301.05    144.60
    854.36    300.97    143.56
    854.09    300.89    142.52
    853.83    300.80    141.48
    853.58    300.72    140.43
    853.34    300.63    139.38
    853.10    300.54    138.33
    852.88    300.45    137.27
    852.67    300.36    136.22
E
SPL1
S
   -150.89    297.88    151.79
   -146.20    298.04    171.11
   -134.90    302.11    189.28
   -115.64    305.97    214.16
    -88.58    307.83    233.47
    -67.97    307.25    241.84
    -57.31    306.30    245.11
    -49.08    305.57    247.64
    -32.28    304.34    251.47
     -6.69    303.18    254.13
     18.97    302.74    253.53
     35.92    302.69    251.15
     55.08    302.52    245.97
     76.51    300.94    235.59
    105.24    297.75    213.96
    128.16    294.57    185.69
    139.81    292.70    163.86
    142.17    292.34    151.79
    144.47    291.87    136.22
    146.00    291.08    119.51
    147.50    288.14     97.49
    143.90    284.33     76.55
    140.89    280.67     60.44
E
SPL2
S
   -122.41    284.59     47.62
   -125.59    287.24     56.25
   -130.29    292.58     73.89
   -131.80    301.46    104.04
   -126.97    307.60    124.99
   -122.71    310.43    136.23
   -112.78    315.70    158.69
    -93.37    318.32    182.11
    -65.75    320.69    202.74
    -33.64    321.62    215.52
     -0.88    320.98    218.76
     32.12    319.14    214.56
     68.54    315.19    198.49
     99.32    309.24    169.89
    113.84    304.55    145.82
    119.23    301.41    129.97
    123.12    297.28    110.07
    123.59    290.05     79.00
    119.77    283.99     56.99
    116.47    280.94     47.96
    137.37    275.93     47.62
E
SPL3
S
    137.37    275.93     47.62
    227.38    274.11     47.62
    326.95    280.12     47.62
    445.07    277.10     47.62
    481.49    278.89     47.62
    553.25    281.20     47.62
    662.04    282.62     47.62
    765.74    283.74     47.62
    835.59    284.69     47.62
    864.58    285.16     47.62
E
SPL4
S
    864.58    285.16     47.62
    858.75    290.36     65.79
    852.13    295.05     91.33
    851.28    299.54    127.33
    859.29    301.92    160.66
    866.73    302.96    177.76
    883.47    304.97    199.80
    903.30    306.54    218.79
    929.57    307.68    234.91
    947.82    308.01    245.07
    990.10    308.51    251.14
   1051.65    308.25    239.65
   1075.69    307.45    227.12
   1102.61    305.88    204.85
   1127.98    303.59    171.35
   1134.67    302.15    151.81
   1139.91    300.07    132.85
   1141.66    297.49    115.04
   1140.44    294.24     96.71
   1138.11    290.98     81.39
   1131.86    285.06     58.72
   1127.00    281.59     47.62
E
SPL5
S
    884.69    286.92     47.62
    877.70    293.93     64.87
    875.68    301.57     95.38
    879.65    307.66    125.67
    885.61    310.16    140.98
    898.43    313.41    161.88
    917.43    316.88    183.73
    937.83    319.55    199.98
    965.88    321.96    214.23
    996.12    322.99    220.03
   1032.87    321.90    213.17
   1055.68    320.06    202.02
   1077.60    317.38    185.80
   1095.66    314.16    166.32
   1111.25    310.11    142.08
   1117.33    307.16    126.20
   1121.50    299.71     96.03
   1119.88    290.01     65.93
   1112.50    284.02     47.62
E
SPL6
S
   -142.93    279.80     47.62
   -141.46    280.05     47.62
   -135.14    281.70     47.62
   -128.79    283.21     47.62
   -122.41    284.59     47.62
E
SPL7
S
   -151.01    297.85    151.79
   -151.25    298.42    149.22
   -151.70    299.65    143.83
   -152.15    300.50    138.88
   -152.58    300.91    134.72
   -153.03    300.98    130.73
   -153.96    300.53    123.67
   -154.88    299.61    116.83
   -155.45    298.73    111.83
   -155.85    297.43    105.42
   -155.81    296.19     99.91
   -155.41    294.90     94.49
   -154.35    292.96     86.81
   -153.74    292.10     83.51
   -152.07    290.01     75.87
   -150.35    288.18     69.53
   -148.01    285.88     62.18
   -145.88    283.62     55.87
   -142.93    279.80     47.62
E
SPL0
S
   -338.24      0.00    234.36
   -339.65      0.00    228.81
   -341.73      0.00    214.06
   -342.31      0.00    186.69
   -344.90      0.00    160.95
   -353.89      0.00    152.61
   -360.11      0.00    151.79
   -366.48      0.00    151.01
   -378.97      0.00    147.30
   -382.86      0.00    136.23
   -380.37      0.00    113.27
   -368.00      0.00     89.53
   -349.22      0.00     63.37
   -334.05      0.00     47.62
E
SPL1
S
   -338.25      0.00    234.36
   -338.25     30.83    234.36
   -338.85     65.01    234.34
   -336.39     81.86    234.43
   -331.74    125.40    234.61
   -319.14    173.53    235.09
   -295.86    215.91    235.98
   -260.51    251.53    237.33
   -213.68    278.04    239.13
   -155.70    294.58    241.34
    -71.14    306.03    244.58
    -57.38    306.30    245.11
     43.82    302.63    248.98
     77.27    300.42    250.26
    129.73    297.55    252.27
    183.87    296.40    254.35
    204.84    296.55    255.15
    252.39    296.93    256.98
    333.27    299.79    260.08
    357.03    299.24    260.99
    424.22    299.42    263.56
    460.20    298.23    264.94
    504.26    296.78    266.62
    548.36    296.47    268.28
    594.85    296.81    270.03
    668.21    297.39    272.81
    775.74    300.79    276.91
    883.05    303.02    281.26
    917.12    303.37    282.63
E
SPL2
S
   -305.70      0.00    264.59
   -305.70     29.76    264.59
   -305.71     61.72    264.61
   -303.77     78.86    264.50
   -300.17    119.09    264.31
   -290.63    165.89    264.07
   -271.46    210.89    264.05
   -229.78    246.35    264.79
   -191.11    265.98    265.67
   -133.58    283.91    267.20
    -84.49    292.53    268.69
    -67.98    296.37    269.16
      4.81    296.99    271.83
     15.46    296.04    272.22
     81.91    293.91    274.58
    115.22    292.11    275.84
    207.52    293.07    278.43
    255.68    293.83    279.72
    335.21    296.32    281.55
    362.30    296.34    282.04
    424.60    297.13    283.28
    457.80    296.95    283.89
    502.68    296.59    285.89
    547.58    296.25    287.84
    592.48    295.97    289.77
    665.44    295.52    292.90
    772.31    295.11    297.45
    879.10    295.51    302.27
    915.36    295.44    303.91
E
SPL3
S
   -338.25      0.00    234.36
   -329.11      0.00    251.92
   -314.52      0.00    259.93
   -305.70      0.00    264.59
   -293.86      0.00    270.10
   -276.88      0.00    277.20
   -237.18      0.00    288.95
   -161.41      0.00    302.82
    -79.30      0.00    313.12
      4.83      0.00    320.96
     58.39      0.00    325.05
     83.58      0.00    326.89
    103.34      0.00    329.74
E
SPL4
S
    106.32      0.00    331.81
    103.40     12.98    329.76
    103.45     38.93    329.78
    104.41     90.92    329.85
    106.46    154.31    329.74
    121.29    219.08    330.24
    158.33    254.01    332.01
    192.06    269.91    329.32
    234.33    275.54    330.20
    252.75    276.53    330.49
    280.94    277.33    330.93
    309.46    277.85    331.38
    383.21    279.22    332.54
    417.31    279.77    333.08
    485.07    280.39    334.14
    537.46    280.28    334.97
    608.12    278.89    336.25
E
SPL5
S
    594.85    279.65    335.89
    616.37    279.40    336.23
    662.83    278.69    336.98
    756.78    276.50    338.52
    840.60    274.05    339.91
    896.01    267.99    340.81
E
SPL6
S
    192.06    269.91    329.32
    205.02    266.17    340.29
    231.13    259.23    360.62
    289.72    246.15    398.77
    367.96    232.98    436.39
    467.91    222.38    464.06
    568.42    216.97    475.34
    655.11    214.36    479.01
    724.51    213.97    476.52
    779.93    214.67    471.91
    828.36    222.39    453.02
    865.71    236.53    418.86
    899.43    249.84    383.68
    928.82    263.80    340.62
E
SPL7
S
    223.41    274.88    330.02
    235.33    272.00    340.34
    259.13    266.03    359.58
    311.89    252.99    395.82
    384.42    240.69    428.88
    477.39    231.85    451.70
    569.71    226.36    464.54
    617.09    224.93    467.32
    652.32    223.91    469.20
    716.68    224.91    465.88
    764.12    227.39    459.22
    808.26    234.05    441.76
    845.02    244.48    413.06
    876.32    255.56    379.70
    895.84    263.55    354.09
    904.14    267.40    340.93
    928.82    263.80    340.62
E
SPL8
S
    582.37    225.93    465.41
    590.15    227.12    462.68
    592.43    233.95    447.21
    592.52    245.30    420.80
    592.53    257.68    390.89
    592.53    264.87    372.92
    592.48    279.13    335.84
E
SPL9
S
    616.38    224.97    467.24
    610.53    226.16    464.64
    608.62    228.46    459.51
    608.17    235.78    442.85
    608.11    242.79    426.56
    608.16    255.06    397.12
    608.15    263.56    376.03
    608.16    272.74    352.49
    608.12    278.89    336.25
E
SPL10
S
   1318.49      0.00     59.30
   1332.65      0.00     73.00
   1345.29      0.00     88.36
   1357.43      0.00    109.90
   1364.06      0.00    126.82
   1362.30      0.00    136.22
   1347.13      0.00    157.07
   1340.00      0.00    162.35
   1331.14      0.00    183.25
   1328.73      0.00    200.98
   1330.20      0.00    230.04
   1332.53      0.00    265.00
   1332.58      0.00    298.30
   1321.43      0.00    318.97
   1311.62      0.00    323.93
   1301.50      0.00    329.04
   1282.02      0.00    334.98
   1255.01      0.00    339.98
   1219.61      0.00    341.53
   1174.01      0.00    342.87
   1125.27      0.00    343.55
   1057.06      0.00    343.13
E
SPL11
S
   1030.55      0.00    368.22
   1003.12      0.00    391.36
    966.95      0.00    418.12
    931.75      0.00    440.18
    907.43      0.00    453.69
    871.02      0.00    470.40
    849.79      0.00    477.69
    813.55      0.00    488.52
    759.76      0.00    494.71
    674.77      0.00    499.79
    572.49      0.00    498.36
    461.64      0.00    487.29
    393.22      0.00    473.73
    354.06      0.00    461.74
    295.62      0.00    441.77
    263.71      0.00    425.47
    224.42      0.00    405.87
    205.92      0.00    397.22
    154.65      0.00    365.20
    106.32      0.00    331.81
E
SPL0
S
    859.58      7.17    474.26
    858.41     36.12    474.26
    856.54     68.59    474.26
    853.04    103.96    474.26
    850.82    118.86    474.20
    843.45    150.81    473.60
    830.76    177.71    472.48
    813.85    199.16    470.45
    803.69    212.20    466.59
    807.45    215.72    463.24
    816.27    218.43    458.46
    825.87    220.88    452.99
    838.49    224.10    444.96
    856.88    229.60    430.93
    865.59    232.62    423.29
    878.74    237.77    410.42
    883.58    239.80    405.31
    893.31    244.07    394.43
    904.73    248.79    381.36
    915.58    253.11    368.61
    928.14    256.45    356.35
    935.01    256.79    352.35
    942.13    255.70    350.62
    955.45    252.27    348.77
    963.13    249.63    348.04
    980.49    241.84    346.69
    991.54    235.10    346.05
   1007.07    221.81    345.41
   1017.99    208.13    345.14
   1028.16    190.28    344.96
   1035.90    171.22    344.84
   1041.61    151.64    344.79
   1045.28    134.18    344.77
   1048.61    111.53    344.77
   1050.86     88.90    344.77
   1053.56     50.22    344.76
   1054.45     31.47    344.76
   1054.99     11.87    344.75
   1057.27      0.00    342.64
E
SPL1
S
    859.78      0.00    474.26
    871.02      0.00    470.40
    893.61      0.00    461.56
    907.43      0.00    453.69
    929.88      0.00    441.29
    953.62      0.00    426.78
    958.18      0.00    423.53
    974.79      0.00    412.09
    980.15      0.00    408.53
   1003.76      0.00    390.74
   1009.66      0.00    385.50
   1030.31      0.00    367.84
   1047.85      0.00    351.86
   1057.27      0.00    342.64
E
SPL0
S
   1135.01    280.36     47.62
   1153.58    277.23     47.60
   1181.98    270.46     47.59
   1189.13    266.74     47.60
   1216.05    255.10     47.60
   1247.69    233.72     47.60
   1272.43    208.02     47.61
   1272.25    205.13     47.61
   1283.50    179.99     47.61
   1286.15    176.06     47.62
   1291.87    138.72     47.62
   1295.90    102.42     47.62
   1298.67     54.11     47.62
   1298.79     20.73     47.62
   1298.79      0.00     47.62
E
SPL1
S
   1157.68    287.51     79.58
   1178.28    283.72     79.78
   1207.22    276.82     79.72
   1218.19    271.64     79.57
   1240.07    262.68     79.33
   1260.31    250.85     79.00
   1278.02    236.31     78.62
   1300.48    209.89     78.03
   1314.39    179.08     77.52
   1322.94    140.39     76.98
   1325.44    129.34     76.84
   1331.42     67.27     75.80
   1334.28     20.93     74.98
   1334.28      0.00     74.98
E
SPL2
S
   1139.16    300.50    136.22
   1154.27    299.18    136.22
   1180.73    295.68    136.22
   1202.14    291.56    136.22
   1212.09    289.28    136.22
   1230.55    284.26    136.22
   1248.11    278.23    136.22
   1265.21    270.68    136.22
   1282.74    260.52    136.22
   1298.79    248.19    136.22
   1311.47    235.45    136.22
   1324.40    218.29    136.22
   1331.81    205.41    136.22
   1337.43    193.16    136.22
   1345.78    167.65    136.22
   1351.33    140.89    136.22
   1355.40    111.90    136.22
   1357.11     96.29    136.22
   1359.88     63.18    136.22
   1361.61     32.09    136.22
   1362.30      0.00    136.22
E
SPL3
S
   1134.73    302.14    151.81
   1152.91    301.04    151.81
   1169.53    299.44    151.80
   1183.92    297.14    151.79
   1214.10    292.31    151.77
   1242.18    283.76    151.79
   1275.77    266.91    151.84
   1297.50    251.55    151.90
   1317.36    228.99    151.98
   1330.98    205.60    152.03
   1342.88    173.09    152.09
   1348.70    128.50    152.15
   1351.63     86.73    152.21
   1352.63     45.55    152.25
   1352.89     21.82    152.27
   1352.89      0.00    152.27
E
SPL4
S
   1126.06    303.08    171.80
   1145.19    302.23    171.97
   1162.86    300.86    172.13
   1178.23    298.64    172.24
   1206.35    294.60    172.20
   1231.55    286.11    172.25
   1263.13    271.23    172.26
   1286.26    256.63    172.23
   1306.51    234.57    172.35
   1320.54    210.74    172.46
   1332.42    176.84    172.37
   1337.25    129.63    171.26
   1338.00     87.98    170.00
   1337.63     46.22    169.00
   1337.07     22.14    168.50
   1337.07      0.00    168.50
E
SPL5
S
   1109.57    305.13    196.87
   1131.70    304.44    197.22
   1152.44    303.16    197.56
   1170.61    300.80    197.76
   1196.91    297.39    197.77
   1222.57    290.84    198.16
   1253.05    276.39    198.50
   1276.80    262.58    198.80
   1298.60    240.52    199.31
   1313.89    215.76    199.76
   1326.79    180.02    199.97
   1331.27    130.51    198.93
   1331.50     88.82    197.71
   1330.62     46.80    196.62
   1329.72     22.46    196.03
   1329.72      0.00    196.03
E
SPL6
S
   1079.14    307.44    224.87
   1111.02    306.94    225.62
   1141.71    305.75    226.39
   1168.40    302.63    226.76
   1193.07    299.73    226.87
   1218.26    294.59    227.59
   1249.38    281.24    228.32
   1274.06    268.07    228.94
   1297.48    245.82    229.69
   1313.94    219.99    230.23
   1327.80    182.39    230.50
   1331.42    132.35    229.63
   1332.05     89.26    228.81
   1330.99     47.26    227.98
   1330.03     22.73    227.49
   1330.03      0.00    227.49
E
SPL7
S
   1016.68    308.53    249.40
   1024.83    308.50    249.62
   1077.10    308.11    251.02
   1129.74    306.92    252.84
   1168.81    302.73    253.49
   1191.96    300.25    253.74
   1216.66    296.28    254.70
   1248.21    283.93    255.72
   1273.55    271.33    256.56
   1298.11    249.03    257.39
   1315.34    222.42    257.86
   1329.86    183.46    258.01
   1333.46    132.10    257.30
   1333.85     89.25    256.87
   1332.87     46.13    256.39
   1331.97     22.90    256.10
   1331.97      0.00    256.10
E
SPL0
S
    919.40    303.39    282.72
    930.35    303.49    283.16
    947.35    303.64    283.85
    992.33    303.46    285.65
   1038.16    302.69    287.45
   1065.41    302.40    288.54
   1123.20    299.41    290.64
   1165.47    295.31    291.90
   1185.65    293.35    292.51
   1208.19    289.40    293.26
   1231.42    281.18    294.15
   1262.97    266.61    295.45
   1287.92    245.55    296.59
   1305.27    219.06    297.36
   1322.87    181.01    298.10
   1329.67    129.66    298.20
   1332.26     87.97    298.26
   1332.43     65.71    298.28
   1332.54     22.83    298.29
   1332.54      0.00    298.29
E
SPL1
S
    917.58    295.44    304.01
    938.75    295.39    304.97
    978.86    295.17    306.79
   1037.95    294.16    309.45
   1094.68    291.55    311.96
   1132.35    288.04    313.59
   1151.12    285.68    314.38
   1173.47    282.87    315.32
   1204.76    274.32    316.68
   1212.86    268.76    317.06
   1241.25    253.80    318.36
   1262.65    234.98    319.42
   1277.67    213.92    320.26
   1294.16    180.55    321.32
   1308.18    123.17    322.66
   1312.24     67.07    323.75
   1311.62     21.03    323.93
   1311.62      0.00    323.93
E
SPL2
S
   1015.16    216.81    342.47
   1034.20    229.63    343.93
   1056.94    244.72    341.35
   1074.03    252.59    338.41
   1098.33    264.43    334.41
   1127.54    275.42    327.74
   1144.62    282.25    320.66
   1151.12    285.68    314.38
   1157.43    288.98    308.43
   1162.54    292.70    299.53
   1165.47    295.31    291.90
   1167.25    299.16    279.52
   1169.60    303.33    264.09
   1168.79    302.72    253.49
   1167.95    302.91    227.13
   1169.10    301.22    202.14
   1170.61    300.80    197.76
   1173.25    299.84    186.27
   1178.23    298.64    172.24
   1183.85    297.71    158.86
   1183.90    297.13    151.79
   1180.47    295.57    135.17
   1178.40    294.73    127.10
   1172.40    292.57    110.58
   1157.68    287.51     79.58
   1143.62    282.88     57.07
   1135.01    280.36     47.62
E
SPL3
S
   1151.12    285.68    314.38
   1132.35    288.04    313.59
   1094.68    291.55    311.96
   1037.95    294.16    309.45
    978.86    295.17    306.79
    938.75    295.39    304.97
    917.58    295.44    304.01
   1151.12    285.68    314.38
   1147.37    286.15    314.22
   1143.61    286.60    314.06
   1139.85    287.03    313.90
   1136.09    287.45    313.74
   1132.33    287.85    313.58
   1128.57    288.23    313.42
   1124.80    288.61    313.26
   1121.04    288.97    313.10
   1117.27    289.31    312.93
   1113.50    289.64    312.77
   1109.73    289.96    312.61
   1105.96    290.27    312.44
   1102.19    290.56    312.28
   1098.42    290.84    312.12
   1094.64    291.11    311.95
   1090.87    291.36    311.79
   1087.09    291.61    311.62
   1083.32    291.84    311.45
   1079.54    292.06    311.29
   1075.76    292.28    311.12
   1071.98    292.48    310.95
   1068.20    292.67    310.79
   1064.42    292.85    310.62
   1060.63    293.03    310.45
   1056.85    293.19    310.28
   1053.07    293.35    310.12
   1049.28    293.49    309.95
   1045.50    293.63    309.78
   1041.72    293.76    309.61
   1037.93    293.89    309.44
   1034.14    294.00    309.27
   1030.36    294.11    309.10
   1026.57    294.21    308.93
   1022.79    294.31    308.76
   1019.00    294.40    308.59
   1015.21    294.48    308.42
   1011.42    294.56    308.25
   1007.64    294.64    308.08
   1003.85    294.70    307.91
   1000.06    294.77    307.74
    996.28    294.83    307.57
    992.49    294.88    307.40
    988.70    294.94    307.23
    984.91    294.98    307.06
    981.13    295.03    306.89
    976.89    295.08    306.69
    972.65    295.12    306.50
    968.41    295.16    306.31
    964.18    295.20    306.12
    959.94    295.24    305.93
    955.70    295.27    305.73
    951.46    295.30    305.54
    947.23    295.32    305.35
    942.99    295.35    305.16
    938.76    295.37    304.97
    934.52    295.39    304.77
    930.28    295.40    304.58
    926.05    295.42    304.39
    921.81    295.43    304.20
    917.58    295.44    304.01
E
SPL0
S
   -344.08     -0.00    178.21
   -345.95     -0.00    177.26
   -347.05     -0.00    175.21
E
SPL1
S
   -346.98     -0.00    175.21
   -347.94     -0.00    170.38
   -349.60     -0.00    162.56
E
SPL2
S
   -328.57     -0.00    191.23
   -330.64     -0.00    187.79
   -332.02     -0.00    186.03
   -332.02     -0.00    185.82
   -335.60     -0.00    182.38
   -338.57     -0.00    180.33
   -341.88     -0.00    178.87
   -344.08     -0.00    178.21
E
SPL3
S
   -346.08     -0.00    177.33
   -345.81      8.00    177.26
   -345.26     17.82    177.11
   -344.50     28.91    177.04
   -343.12     42.04    177.11
   -341.81     53.97    177.26
   -340.02     66.29    176.97
   -338.57     74.91    176.82
   -336.91     83.02    177.04
   -336.09     87.06    177.18
E
SPL4
S
   -327.47     -0.00    192.11
   -327.33      8.40    192.03
   -326.30     24.04    191.89
   -325.47     38.18    191.74
   -324.09     50.55    191.67
   -322.37     66.29    191.15
   -321.13     74.11    191.01
   -319.75     80.08    191.08
E
SPL5
S
   -321.13     -0.00    193.42
   -320.65     10.54    193.35
   -319.61     23.85    192.98
   -318.37     39.82    192.98
   -316.23     55.64    192.76
   -314.51     69.31    192.47
   -313.55     76.22    192.54
   -313.27     79.82    193.13
E
SPL6
S
   -316.10     -0.00    206.81
   -320.78     -0.00    193.28
E
SPL7
S
   -320.78     -0.00    193.35
   -326.71     -0.00    192.03
E
SPL8
S
   -308.86     88.15    206.73
   -308.72     80.59    206.66
   -310.72     68.77    206.66
   -312.51     51.49    206.66
   -314.58     31.38    206.66
   -315.96      9.20    206.66
   -316.10     -0.00    206.66
E
SPL9
S
   -323.95    103.97    213.17
   -325.89     94.33    213.53
   -328.02     80.59    214.19
   -330.37     66.88    214.70
   -332.50     49.56    215.07
   -334.50     31.56    215.29
   -335.47     13.02    215.29
   -335.74     -0.00    215.44
E
SPL10
S
   -326.64     -0.00    192.03
   -327.26     -0.00    191.96
   -328.57     -0.00    191.23
E
SPL11
S
   -335.74     -0.00    215.07
   -316.10     -0.00    206.81
E
SPL12
S
   -336.02     -0.00    215.14
   -335.26     -0.00    218.22
   -331.06     -0.00    228.16
   -327.26     -0.00    236.06
   -325.40     -0.00    239.21
E
SPL13
S
   -319.75     80.08    191.15
   -318.65     84.73    192.62
   -316.65     89.09    198.61
   -315.61     91.60    203.44
   -314.79     92.66    208.85
E
SPL14
S
   -313.27     79.82    193.13
   -312.03     82.29    194.08
   -311.20     83.93    196.13
   -309.06     86.95    200.44
   -308.86     88.15    206.73
E
SPL15
S
   -308.65     87.75    206.59
   -312.58     91.10    207.54
E
SPL16
S
   -331.54     97.97    187.20
   -328.30    101.24    198.69
   -323.95    103.97    213.17
E
SPL17
S
   -323.47    102.88    211.78
   -324.16    103.75    212.36
   -324.16    104.73    212.29
E
SPL18
S
   -312.58     91.10    207.61
   -314.30     92.15    207.98
E
SPL19
S
   -336.09     87.06    177.18
   -335.26     89.93    177.84
   -334.23     92.88    179.45
   -333.05     95.10    182.09
   -331.54     97.97    187.20
E
SPL20
S
   -314.30     92.15    207.98
   -314.99     92.91    208.27
E
SPL21
S
   -324.16    104.73    212.29
   -322.58    110.70    212.29
E
SPL22
S
   -326.78    106.11    200.88
   -324.02    108.19    207.39
   -322.30    110.62    212.73
   -320.23    113.71    216.75
   -317.20    118.33    221.36
   -313.20    125.32    225.82
E
SPL23
S
   -332.85    101.28    178.79
   -329.95    103.21    190.35
   -326.78    106.08    200.88
E
SPL24
S
   -313.20    125.32    225.82
   -307.55    137.10    231.09
   -301.62    150.12    234.45
   -294.04    166.77    237.01
   -286.66    181.79    238.11
   -278.53    196.01    238.69
   -269.70    209.32    238.99
   -262.12    219.00    239.13
E
SPL25
S
   -262.12    219.00    239.13
   -255.78    226.09    239.06
   -249.09    232.74    238.77
   -241.09    239.11    238.04
   -230.27    246.02    236.65
   -219.79    251.43    235.04
   -206.56    257.14    232.70
E
SPL26
S
   -313.55    128.73    223.55
   -309.34    137.39    226.99
   -303.83    149.64    230.28
   -296.66    164.92    233.43
   -290.66    178.05    234.16
   -284.11    190.30    235.04
   -276.60    202.63    235.18
   -267.84    214.74    235.84
   -261.43    222.67    235.62
E
SPL27
S
   -248.47    233.40    238.69
   -255.71    232.31    228.82
   -262.26    230.96    217.85
   -267.91    229.87    206.00
   -273.70    228.16    191.37
   -277.84    226.89    179.82
   -281.28    225.69    169.14
E
SPL28
S
   -279.97    227.25    168.99
   -276.80    228.23    178.72
   -271.98    229.76    191.96
   -268.60    230.67    201.03
   -263.64    231.80    212.07
   -259.22    232.74    220.34
   -253.92    233.69    229.19
   -246.54    234.96    238.62
E
SPL29
S
   -261.43    222.67    235.62
   -254.05    230.41    235.26
   -247.85    235.94    234.96
   -241.09    240.89    234.31
   -228.89    248.34    232.48
   -218.69    253.33    230.87
   -209.59    257.18    229.11
E
SPL30
S
   -209.59    257.18    229.19
   -196.36    262.02    226.26
   -181.81    266.56    222.97
   -172.57    269.22    220.56
   -166.16    271.04    218.29
E
SPL31
S
   -206.56    257.14    232.70
   -193.18    262.05    229.84
   -179.47    266.42    226.77
   -170.99    268.82    224.36
E
SPL32
S
   -166.16    271.04    218.29
   -161.20    272.49    215.73
   -157.96    273.65    212.73
   -154.93    274.96    207.83
   -153.27    275.98    202.34
   -152.58    277.18    192.91
E
SPL33
S
   -170.99    268.82    224.43
   -164.30    270.78    221.73
   -158.10    272.78    217.70
   -154.30    274.31    213.24
   -151.13    275.76    207.39
   -149.69    276.89    200.81
   -149.48    277.76    192.84
E
SPL34
S
   -149.48    277.76    192.84
   -150.86    278.56    180.62
   -152.17    278.96    169.21
E
SPL35
S
   -152.58    277.22    192.98
   -153.62    278.02    181.28
   -155.06    278.56    169.51
E
SPL36
S
   -326.30    108.01    201.61
   -323.89    110.70    207.76
   -321.82    113.61    212.14
   -319.06    117.97    216.61
   -316.37    122.77    220.56
   -313.55    128.73    223.55
E
SPL37
S
   -332.50    102.88    179.60
   -329.75    104.73    191.15
   -326.30    108.01    201.61
E
SPL38
S
   -333.88    106.01    169.29
   -334.36    103.90    169.58
   -333.95    102.55    173.24
   -333.47    102.48    176.01
   -332.57    102.88    179.60
E
SPL39
S
   -278.87    228.67    168.70
   -288.73    215.94    168.99
   -299.00    198.74    169.29
   -308.03    180.30    168.34
   -315.41    162.85    168.48
   -322.09    144.95    168.19
   -328.30    126.30    168.12
   -332.02    114.19    167.97
   -333.88    106.01    169.29
E
SPL40
S
   -281.28    225.69    169.14
   -279.97    227.25    168.99
E
SPL41
S
   -205.25    267.69    168.55
   -217.93    264.13    168.41
   -233.93    258.82    168.26
   -246.95    253.40    168.26
   -256.19    248.49    168.19
   -264.60    242.45    168.34
   -272.25    235.72    168.41
   -278.87    228.67    168.70
E
SPL42
S
   -155.06    278.53    169.36
   -173.19    275.07    168.92
   -190.98    271.14    168.85
   -205.25    267.69    168.55
E
